TimeMicros;AckRecieved;CurrentWidow_Bytes;Difference_Micros;MinDelay_Micros;OurDelay_Micros;Their_Difference_Micros;Their_MinDelay_Micros;Their_Delay_Micros;OffTarget_Micros;DelayFactor;WindowFactor;Gain_Bytes;PacketRtt_Millis;RttVar_Millis;Rtt_Millis;AdvertisedWindow_Bytes;MaxWindow_Bytes;BytesSend;SACK
0;2;2944;12324;12324;0;-11596;-11596;0;100000;1.0;0.9813333333333333;2944;0;0;0;2942528;4444;-40
15118;4;2944;12420;12618;-198;-11890;-11890;0;100198;1.00198;0.33123312331233123;995;0;250;875;2942528;5439;1412
30279;6;2944;12385;12420;-35;-11925;-11925;0;100035;1.00035;0.2706379849236992;812;0;406;766;2942528;6251;4316
45884;8;2944;12344;12373;-29;-11954;-11954;0;100029;1.00029;0.23548232282834747;706;0;496;671;2942528;6957;7220
61516;10;2944;12368;12368;0;-11933;-11954;21;100000;1.0;0.21158545350007188;634;0;539;588;2942528;7591;10124
77627;12;2944;12456;12368;88;-11882;-11954;72;99912;0.99912;0.19391384534316955;581;0;551;515;2942528;8172;13028
93819;14;2944;12565;12368;197;-11855;-11954;99;99803;0.99803;0.18012726382770436;539;0;542;451;2942528;8711;15932
109614;16;2944;12568;12368;200;-11835;-11954;119;99800;0.998;0.16898174721616346;505;0;520;395;2942528;9216;18836
125002;18;2944;12303;12303;0;-11902;-11954;52;100000;1.0;0.1597222222222222;479;0;489;346;2942528;9695;21740
140766;20;2944;12387;12303;84;-11908;-11954;46;99916;0.99916;0.1518308406395049;455;0;454;303;2942528;10150;24644
156444;22;2944;12411;12303;108;-11860;-11954;94;99892;0.99892;0.14502463054187192;434;0;417;266;2942528;10584;27548
172324;24;2944;12498;12303;195;-11836;-11954;118;99805;0.99805;0.13907785336356765;416;0;380;233;2942528;11000;30452
187779;26;2944;12752;12303;449;-11874;-11954;80;99551;0.99551;0.1338181818181818;399;0;344;204;2942528;11399;33356
202820;28;2944;12423;12303;120;-11920;-11954;34;99880;0.9988;0.1291341345732082;386;0;309;179;2942528;11785;36260
218220;30;2944;12283;12283;0;-11922;-11954;32;100000;1.0;0.12490453966907085;374;0;277;157;2942528;12159;39164
234307;32;2944;12256;12256;0;-11928;-11954;26;100000;1.0;0.12106258738383091;363;0;247;138;2942528;12522;42068
250270;34;2944;12350;12256;94;-11904;-11954;50;99906;0.99906;0.1175531065325028;352;0;220;121;2942528;12874;44972
265723;36;2944;12325;12256;69;-11927;-11954;27;99931;0.99931;0.1143389777846823;342;0;196;106;2942528;13216;47876
281549;38;2944;12378;12256;122;-11891;-11954;63;99878;0.99878;0.11138014527845036;333;0;174;93;2942528;13549;50780
296973;40;2944;12363;12256;107;-11928;-11954;26;99893;0.99893;0.10864270425861687;325;0;154;82;2942528;13874;53684
313050;42;2944;12451;12256;195;-11899;-11954;55;99805;0.99805;0.10609773677382153;317;0;136;72;2942528;14191;56588
328210;44;2944;12285;12256;29;-11946;-11954;8;99971;0.99971;0.10372771474878444;311;0;120;63;2942528;14502;59492
343924;46;2944;12227;12227;0;-11928;-11954;26;100000;1.0;0.1015032409322852;304;0;106;56;2942528;14806;62396
359617;48;2944;12201;12201;0;-11927;-11954;27;100000;1.0;0.09941915439686613;298;0;94;49;2942528;15104;65300
375127;50;2944;12266;12201;65;-11954;-11954;0;99935;0.99935;0.09745762711864407;292;0;83;43;2942528;15396;68204
390648;52;2944;12184;12184;0;-11917;-11954;37;100000;1.0;0.09560924915562484;286;0;73;38;2942528;15682;71108
406705;54;2944;12190;12195;-5;-11965;-11965;0;100005;1.00005;0.09386557837010585;281;0;65;34;2942528;15963;74012
422401;56;2944;12201;12201;0;-11971;-11971;0;100000;1.0;0.09221324312472592;276;0;58;30;2942528;16239;76916
438062;58;2944;12183;12183;0;-11933;-11971;38;100000;1.0;0.09064597573742225;271;0;51;27;2942528;16510;79820
453628;60;2944;12190;12187;3;-11975;-11975;0;99997;0.99997;0.08915808600847971;267;0;45;24;2942528;16777;82724
469244;62;2944;12170;12170;0;-11972;-11975;3;100000;1.0;0.08773916671633784;263;0;40;21;2942528;17040;85628
485952;64;2944;12421;12170;251;-11808;-11975;167;99749;0.99749;0.0863849765258216;258;1;35;19;2942528;17298;88532
500793;66;2944;12282;12170;112;-11900;-11975;75;99888;0.99888;0.08509654295294254;255;0;31;17;2942528;17553;91436
516903;68;2944;12487;12170;317;-11863;-11975;112;99683;0.99683;0.08386030877912608;250;0;28;15;2942528;17803;94340
532357;70;2944;12325;12170;155;-11901;-11975;74;99845;0.99845;0.08268269392798966;247;0;25;14;2942528;18050;97244
548125;72;2944;12304;12170;134;-11852;-11975;123;99866;0.99866;0.08155124653739612;244;0;23;13;2942528;18294;100148
563735;74;2944;12279;12170;109;-11865;-11975;110;99891;0.99891;0.08046353995845633;241;0;21;12;2942528;18535;103052
579437;76;2944;12215;12170;45;-11928;-11975;47;99955;0.99955;0.07941731858645805;238;0;19;11;2942528;18773;105956
595510;78;2944;12240;12170;70;-11887;-11975;88;99930;0.9993;0.07841048314068076;235;0;17;10;2942528;19008;108860
611521;80;2944;12253;12170;83;-11874;-11975;101;99917;0.99917;0.07744107744107744;232;0;16;9;2942528;19240;111764
627161;82;2944;12242;12170;72;-11908;-11975;67;99928;0.99928;0.07650727650727651;229;0;15;8;2942528;19469;114668
643002;84;2944;12222;12170;52;-11825;-11975;150;99948;0.99948;0.07560737582823976;226;0;14;7;2942528;19695;117572
658564;86;2944;12250;12170;80;-11886;-11975;89;99920;0.9992;0.07473978167047474;224;0;13;7;2942528;19919;120476
674288;88;2944;12311;12170;141;-11833;-11975;142;99859;0.99859;0.07389929213313921;221;0;12;7;2942528;20140;123380
689483;90;2944;12291;12170;121;-11856;-11975;119;99879;0.99879;0.07308838133068521;218;0;11;7;2942528;20358;126284
704902;92;2944;12243;12170;73;-11927;-11975;48;99927;0.99927;0.07230572747814128;216;0;10;7;2942528;20574;129188
720306;94;2944;12202;12170;32;-11966;-11975;9;99968;0.99968;0.07154661222902693;214;0;10;7;2942528;20788;132092
736178;96;2944;12223;12170;53;-11919;-11975;56;99947;0.99947;0.07081008274004233;212;0;10;7;2942528;21000;134996
751788;98;2944;12208;12170;38;-11962;-11975;13;99962;0.99962;0.0700952380952381;210;0;10;7;2942528;21210;137900
768227;100;2944;12451;12170;281;-11709;-11975;266;99719;0.99719;0.0694012258368694;207;1;9;7;2942528;21417;140804
783825;102;2944;12421;12170;251;-11705;-11975;270;99749;0.99749;0.0687304477751319;205;1;9;7;2942528;21622;143708
798632;104;2944;12227;12170;57;-11925;-11975;50;99943;0.99943;0.06807880862084914;204;0;9;7;2942528;21826;146612
814369;106;2944;12227;12170;57;-11869;-11975;106;99943;0.99943;0.06744249977091542;202;0;9;7;2942528;22028;149516
830032;108;2944;12225;12170;55;-11883;-11975;92;99945;0.99945;0.06682404212820048;200;0;9;7;2942528;22228;152420
846154;110;2944;12322;12170;152;-11840;-11975;135;99848;0.99848;0.06622278207666007;198;0;9;7;2942528;22426;155324
862523;112;2944;12365;12170;195;-11811;-11975;164;99805;0.99805;0.06563809863551236;196;1;9;7;2942528;22622;158228
877981;114;2944;12405;12170;235;-11838;-11975;137;99765;0.99765;0.06506940146759792;194;0;9;7;2942528;22816;161132
893605;116;2944;12382;12170;212;-11814;-11975;161;99788;0.99788;0.06451612903225806;193;0;9;7;2942528;23009;164036
909690;118;2944;12396;12170;226;-11714;-11975;261;99774;0.99774;0.06397496631752793;191;0;9;7;2942528;23200;166940
925368;120;2944;12369;12170;199;-11803;-11975;172;99801;0.99801;0.06344827586206897;189;0;9;7;2942528;23389;169844
940715;122;2944;12462;12170;292;-11872;-11975;103;99708;0.99708;0.06293556800205224;188;0;9;7;2942528;23577;172748
956697;124;2944;12574;12170;404;-11865;-11975;110;99596;0.99596;0.06243372778555372;186;0;9;7;2942528;23763;175652
971847;126;2944;12300;12170;130;-11929;-11975;46;99870;0.9987;0.061945040609350674;185;0;9;7;2942528;23948;178556
987603;128;2944;12233;12170;63;-11932;-11975;43;99937;0.99937;0.06146651077334224;184;0;9;7;2942528;24132;181460
1003321;130;2944;12217;12170;47;-11906;-11975;69;99953;0.99953;0.06099784518481684;182;0;9;7;2942528;24314;184364
1018494;132;2944;12180;12170;10;-11951;-11975;24;99990;0.9999;0.060541251953606975;181;0;9;7;2942528;24495;187268
1034271;134;2944;12216;12170;46;-11883;-11975;92;99954;0.99954;0.06009389671361502;180;0;9;7;2942528;24675;190172
1050251;136;2944;12254;12170;84;-11892;-11975;83;99916;0.99916;0.059655521783181356;178;0;9;7;2942528;24853;193076
1066083;138;2944;12216;12170;46;-11917;-11975;58;99954;0.99954;0.05922826218162797;177;0;9;7;2942528;25030;195980
1081687;140;2944;12236;12170;66;-11902;-11975;73;99934;0.99934;0.05880942868557731;176;0;9;7;2942528;25206;198884
1097452;142;2944;12233;12170;63;-11904;-11975;71;99937;0.99937;0.058398793937951284;175;0;9;7;2942528;25381;201788
1113439;144;2944;12371;12170;201;-11890;-11975;85;99799;0.99799;0.05799613884401718;173;0;9;7;2942528;25554;204692
1128921;146;2944;12288;12170;118;-11889;-11975;86;99882;0.99882;0.0576035063003835;172;0;9;7;2942528;25726;207596
1144557;148;2944;12305;12170;135;-11871;-11975;104;99865;0.99865;0.05721837829433258;171;0;9;7;2942528;25897;210500
1160795;150;2944;12460;12170;290;-11850;-11975;125;99710;0.9971;0.05684056068270456;170;0;9;7;2942528;26067;213404
1176484;152;2944;12403;12170;233;-11823;-11975;152;99767;0.99767;0.056469866114244066;169;0;9;7;2942528;26236;216308
1191493;154;2944;12328;12170;158;-11892;-11975;83;99842;0.99842;0.05610611373685013;168;0;9;7;2942528;26404;219212
1206787;156;2944;12322;12170;152;-11944;-11975;31;99848;0.99848;0.05574912891986063;166;0;9;7;2942528;26570;222116
1222307;158;2944;12209;12170;39;-11963;-11975;12;99961;0.99961;0.055400828001505455;166;0;9;7;2942528;26736;225020
1237893;160;2944;12189;12170;19;-11963;-11975;12;99981;0.99981;0.05505685218432076;165;0;9;7;2942528;26901;227924
1253751;162;2944;12204;12170;34;-11959;-11975;16;99966;0.99966;0.05471915542173154;164;0;9;7;2942528;27065;230828
1269417;164;2944;12219;12170;49;-11902;-11975;73;99951;0.99951;0.054387585442453354;163;0;9;7;2942528;27228;233732
1284948;166;2944;12194;12170;24;-11923;-11975;52;99976;0.99976;0.054061995005141764;162;0;9;7;2942528;27390;236636
1300558;168;2944;12218;12170;48;-11962;-11975;13;99952;0.99952;0.053742241694048926;161;0;9;7;2942528;27551;239540
1316434;170;2944;12237;12170;67;-11842;-11975;133;99933;0.99933;0.0534281877245835;160;0;9;7;2942528;27711;242444
1331684;172;2944;12238;12170;68;-11952;-11975;23;99932;0.99932;0.05311969975821876;159;0;9;7;2942528;27870;245348
1347372;174;2944;12211;12170;41;-11947;-11975;28;99959;0.99959;0.05281664872622892;158;0;9;7;2942528;28028;248252
1363516;176;2944;12191;12170;21;-11928;-11975;47;99979;0.99979;0.052518909661766804;157;0;9;7;2942528;28185;251156
1379614;178;2944;12219;12170;49;-11912;-11975;63;99951;0.99951;0.05222636153982615;156;0;9;7;2942528;28341;254060
1394818;180;2944;12222;12170;52;-11884;-11975;91;99948;0.99948;0.05193888712466039;155;0;9;7;2942528;28496;256964
1410762;182;2944;12307;12170;137;-11848;-11975;127;99863;0.99863;0.05165637282425604;154;0;9;7;2942528;28650;259868
1426469;184;2944;12342;12170;172;-11876;-11975;99;99828;0.99828;0.051378708551483424;153;0;9;7;2942528;28803;262772
1441770;186;2944;12216;12170;46;-11942;-11975;33;99954;0.99954;0.05110578759157032;153;0;9;7;2942528;28956;265676
1457757;188;2944;12209;12170;39;-11913;-11975;62;99961;0.99961;0.050835750794308604;152;0;9;7;2942528;29108;268580
1473263;190;2944;12259;12170;89;-11932;-11975;43;99911;0.99911;0.05057028995465164;151;0;9;7;2942528;29259;271484
1489362;192;2944;12337;12170;167;-11854;-11975;121;99833;0.99833;0.050309306538159196;150;0;9;7;2942528;29409;274388
1504523;194;2944;12269;12170;99;-11857;-11975;118;99901;0.99901;0.0500527049542657;150;0;9;7;2942528;29559;277292
1520383;196;2944;12277;12170;107;-11881;-11975;94;99893;0.99893;0.04979870766940695;149;0;9;7;2942528;29708;280196
1537490;198;2944;12394;12170;224;-11800;-11975;175;99776;0.99776;0.04954894304564427;148;0;9;7;2942528;29856;283100
1552365;200;2944;12458;12170;288;-11707;-11975;268;99712;0.99712;0.04930332261521972;147;1;9;7;2942528;30003;286004
1568817;202;2944;12918;12170;748;-11696;-11975;279;99252;0.99252;0.049061760490617605;146;1;9;7;2942528;30149;288908
1583069;204;2944;12435;12170;265;-11645;-11975;330;99735;0.99735;0.048824173272745366;146;1;9;7;2942528;30295;291812
1598145;206;2944;12268;12170;98;-11882;-11975;93;99902;0.99902;0.04858887605215382;145;0;9;7;2942528;30440;294716
1614517;208;2944;12225;12170;55;-11880;-11975;95;99945;0.99945;0.04835742444152431;144;0;9;7;2942528;30584;297620
1630581;210;2944;12231;12170;61;-11883;-11975;92;99939;0.99939;0.04812974104106722;144;0;9;7;2942528;30728;300524
1646245;212;2944;12333;12170;163;-11881;-11975;94;99837;0.99837;0.04790419161676647;143;0;9;7;2942528;30871;303428
1661558;214;2944;12302;12170;132;-11872;-11975;103;99868;0.99868;0.04768229082310259;142;0;9;7;2942528;31013;306332
1677152;216;2944;12281;12170;111;-11897;-11975;78;99889;0.99889;0.047463966723632026;142;0;9;7;2942528;31155;309236
1692928;218;2944;12279;12170;109;-11874;-11975;101;99891;0.99891;0.04724763280372332;141;0;9;7;2942528;31296;312140
1708583;220;2944;12216;12170;46;-11916;-11975;59;99954;0.99954;0.04703476482617587;141;0;9;7;2942528;31437;315044
1725308;222;2944;12217;12170;47;-11947;-11975;28;99953;0.99953;0.04682380634284442;140;2;8;7;2942528;31577;317948
1739624;224;2944;12234;12170;64;-11955;-11975;20;99936;0.99936;0.0466162079994933;139;0;8;7;2942528;31716;320852
1756088;226;2944;12266;12170;96;-11844;-11975;131;99904;0.99904;0.04641190566275697;139;0;8;7;2942528;31855;323756
1771977;228;2944;12570;12170;400;-11846;-11975;129;99600;0.996;0.046209386281588445;138;1;8;7;2942528;31993;326660
1786325;230;2944;12267;12170;97;-11955;-11975;20;99903;0.99903;0.04601006470165349;137;0;8;7;2942528;32130;329564
1801914;232;2944;12211;12170;41;-11967;-11975;8;99959;0.99959;0.045813881107998757;137;0;8;7;2942528;32267;332468
1817618;234;2944;12172;12170;2;-11959;-11975;16;99998;0.99998;0.045619363436328136;136;0;8;7;2942528;32403;335372
1833678;236;2944;12189;12170;19;-11947;-11975;28;99981;0.99981;0.045427892479091445;136;0;8;7;2942528;32539;338276
1849409;238;2944;12248;12170;78;-11971;-11975;4;99922;0.99922;0.0452380220658287;135;0;8;7;2942528;32674;341180
1864996;240;2944;12221;12170;51;-11969;-11975;6;99949;0.99949;0.045051110975087225;135;0;8;7;2942528;32809;344084
1880647;242;2944;12180;12170;10;-11953;-11975;22;99990;0.9999;0.04486573805967874;134;0;8;7;2942528;32943;346988
1896622;244;2944;12185;12171;14;-11976;-11976;0;99986;0.99986;0.04468324074917281;134;0;8;7;2942528;33077;349892
1912631;246;2944;12131;12131;0;-11948;-11976;28;100000;1.0;0.04450222208785561;133;0;8;7;2942528;33210;352796
1928785;248;2944;12244;12131;113;-11951;-11976;25;99887;0.99887;0.04432399879554351;132;0;8;7;2942528;33342;355700
1944744;250;2944;12276;12131;145;-11963;-11976;13;99855;0.99855;0.044148521384440045;132;0;8;7;2942528;33474;358604
1960376;252;2944;12236;12131;105;-11949;-11976;27;99895;0.99895;0.043974427914202065;131;0;8;7;2942528;33605;361508
2470236;253;456;12208;12131;77;-11955;-11976;21;99923;0.99923;0.027139626234972028;81;0;8;7;2942528;16883;364432
